0 0.728814 0.670103 0.703390 0.670103 0.699153 0.670103 0.699153 0.628866 0.711864 0.613402 0.728814 0.613402 0.737288 0.639175 0.737288 0.659794
0 0.347458 0.690722 0.338983 0.690722 0.330508 0.690722 0.322034 0.690722 0.317797 0.690722 0.317797 0.680412 0.309322 0.670103 0.317797 0.659794 0.317797 0.639175 0.330508 0.623711 0.347458 0.623711 0.355932 0.634021 0.364407 0.634021 0.372881 0.659794 0.372881 0.670103 0.372881 0.675258 0.364407 0.690722 0.355932 0.690722
0 0.491525 0.371134 0.449153 0.371134 0.427966 0.360825 0.427966 0.340206 0.440678 0.324742 0.483051 0.324742 0.491525 0.340206 0.491525 0.350515 0.491525 0.360825 0.491525 0.371134 0.491525 0.371134
0 0.584746 0.402062 0.567797 0.402062 0.563559 0.402062 0.563559 0.402062 0.555085 0.391753 0.555085 0.371134 0.567797 0.355670 0.584746 0.355670 0.584746 0.360825 0.584746 0.371134 0.584746 0.381443 0.584746 0.391753 0.584746 0.402062 0.584746 0.402062
0 0.516949 0.278351 0.491525 0.278351 0.487288 0.278351 0.487288 0.278351 0.504237 0.257732 0.504237 0.247423 0.512712 0.237113 0.516949 0.231959 0.516949 0.231959 0.516949 0.237113 0.516949 0.278351
0 0.542373 0.649485 0.521186 0.639175 0.521186 0.628866 0.525424 0.623711 0.533898 0.623711 0.542373 0.613402 0.550847 0.613402 0.559322 0.623711 0.559322 0.623711 0.559322 0.628866 0.559322 0.639175 0.559322 0.649485 0.550847 0.649485
0 0.576271 0.701031 0.563559 0.701031 0.563559 0.680412 0.567797 0.675258 0.576271 0.675258 0.584746 0.664948 0.593220 0.664948 0.593220 0.670103 0.593220 0.680412 0.593220 0.690722 0.593220 0.701031 0.584746 0.701031
0 0.525424 0.536082 0.516949 0.536082 0.512712 0.536082 0.512712 0.505155 0.516949 0.500000 0.525424 0.500000 0.525424 0.515464 0.525424 0.536082
0 0.610169 0.567010 0.601695 0.567010 0.588983 0.567010 0.588983 0.546392 0.618644 0.510309 0.627119 0.510309 0.627119 0.500000 0.627119 0.505155 0.627119 0.515464 0.627119 0.525773 0.627119 0.546392 0.622881 0.556701 0.622881 0.567010
0 0.398305 0.195876 0.381356 0.195876 0.368644 0.195876 0.368644 0.175258 0.372881 0.170103 0.398305 0.170103 0.398305 0.185567 0.398305 0.195876
0 0.347458 0.371134 0.338983 0.371134 0.334746 0.371134 0.334746 0.360825 0.347458 0.345361 0.347458 0.360825 0.347458 0.371134
0 0.254237 0.567010 0.241525 0.567010 0.241525 0.556701 0.254237 0.541237 0.254237 0.541237 0.254237 0.546392 0.254237 0.567010
